16151132
16335012
16335013
16335014
16335015
16335016
16335017
16335018
16335019
16335020
16335021
16335022
16335023
16335024
16335025
16335026
16335027
16335028
16335029
16335030
16335031
16335032
16335033
16335034
16335035
16335036
16335037
16335038
16335618
16335619
16335620
16335621
16335622
16335623
16335624
16335625
16335626
16335627
16335628
16335629
16335630
16335631
16335632
16335633
16335634
16335635
16335636
16335637
16335638
16335639
16335640
16335641
16335642
16335643
16335644
16335645
16335646
16335647
16335648
16335649
16335650
16335651
16335652
16335653
16335654
16335655
16335656
16335657
16335658
16335659
16335660
16335661
16335662
16335663
16335664
16335665
16335666
16335667
16335668
16335669
16335670
16335671
16335672
16335673
16335674
16335675
16335676
16335677
16335678
16335679
16335680
16335681
16335682
16335683
16335684
16335685
16335686
16335687
16335688
16335689
16335690
16335691
16335692
16335693
16335694
16335695
16335696
16335697
16335698
16335699
16335700
16335701
16335702
16335703
16335704
16335705
16335706
16335707
16335708
16335709
16335710
16335711
16335712
16335713
16335714
16335715
16335716
16335717
16335718
16335719
16335720
16335721
16335722
16335723
16335724
16335725
16335726
16335727
16335728
16335729
16335730
16335731
16335732
16335733
16335734
16335735
16335736
16335737
16335738
16335739
16335740
16335741
16335742
16335743
16335744
16335745
16335746
16335747
16335748
16335749
16335750
16335751
16335752
16335753
16335754
16335755
16335756
16335757
16335758
16335759
16335760
16335761
16335762
16335763
16335764
16335765
16335766
16335767
16335768
16335769
16335770
16335771
16335772
16335773
16335774
16335775
16335776
16335777
16335778
16335779
16335780
16335781
16335782
16335783
16335784
16335785
16335786
16335787
16335788
16335789
16335790
16335791
16335792
16335793
16335794
16335795
16338712
16338713
16338714
16338715
16338716
16338717
16338718
16338719
16338720
16338721
16338722
16338723
16338724
16338725
16338726
16338727
16338728
16338729
16338730
16338731
16338732
16338733
16338734
16338735
16338736
16338737
16338738
16338739
16338740
16338741
16338742
16338743
16338744
16338745
16338746
16338747
16338748
16338749
16338750
16338751
16338752
16338753
16338754
16338755
16338756
16338757
16338758
16338759
16338760
16338761
16338762
16338763
16338764
16338765
16338766
16338767
16338768
16338769
16339316
16339317
16339318
16339319
16339320
16339321
16339322
16339323
16339324
16339325
16339326
16339327
16339328
16339329
16339330
16339331
16339332
16339333
16339334
16339335
16339336
16339337
16339338
16339339
16339340
16339341
16339342
16339343
16339344
16339345
16339346
16339347
16339348
16339349
16339350
16339351
16339352
16339353
16339354
16339355
16339356
16339357
16339358
16339359
16339360
16339361
16339362
16339363
16341603
16341604
16341605
16341606
16341607
16341608
16341609
16341610
16341611
16341612
16341613
16341614
16341615
16341616
16341617
16341618
16341619
16341620
16341621
16341622
16341623
16341624
16341625
16341626
16341627
16341628
16341629
16341630
16341631
16341632
16341633
16341634
16341635
16341636
16341637
16341638
16341639
16341640
16341641
16341642
16341643
16341644
16341645
16341646
16341647
16341648
16341649
16341650
16341651
16341652
16341653
16341654
16341655
16341656
16341657
16341658
16341659
16341660
16341661
16341662
16341663
16341664
16341665
16341666
16341667
16341668
16341669
16341670
16341671
16341672
16341673
16341674
16341675
16341676
16341677
16341678
16341679
16341680
16341681
16341682
16341683
16341684
16341685
16341686
16341687
16341688
16341689
16341690
16341691
16341692
16341693
16341694
16341695
16341696
16341697
16341698
16341699
16341700
16341701
16341702
16341703
16341704
16341705
16341706
16341707
16341708
16341709
16341710
16341711
16341712
16341713
16341714
16341715
16341716
16341717
16341718
16341719
16341720
16341721
16341722
16341723
16341724
16341725
16341726
16341727
16341728
16341729
16341730
16341731
16341732
16341733
16341734
16341735
16341736
16341737
16341738
16341739
16341740
16341741
16341742
16341743
16341744
16341745
16341746
16341747
16341748
16341749
16341750
16341751
16341752
16341753
16341754
16341755
16341756
16341757
16341758
16341759
16341760
16341761
16341762
16341763
16341764
16341765
16341766
16341767
16341768
16341769
16341770
16341771
16341772
16341773
16341774
16341775
16341776
16341777
16341778
16341779
16341780
16341781
16341782
16341783
16341784
16341785
16341786
16341787
16341788
16341789
16341790
16341791
16341792
16341793
16341794
16341795
16341796
16341797
16341798
16341799
16341800
16341801
16341802
16341803
16341804
16341805
16341806
16341807
16341808
16341809
16341810
16341811
16341812
16341813
16341814
16341815
16341816
16341817
16341818
16341819
16341820
16341821
16341822
16341823
16341824
16341825
16341826
16341827
16341828
16341829
16341830
16341831
16341832
16341833
16341834
16341835
16341836
16341837
16341838
16341839
16341840
16341841
16341842
16341843
16341844
16341845
16341846
16341847
16341848
16341849
16341850
16341851
16341852
16341853
16341854
16341855
16341856
16341857
16341858
16341859
16341860
16341861
16341862
16341863
16341864
16341865
16341866
16341867
16341868
16341869
16341870
16341871
16341872
16341873
16341874
16341875
16341876
16341877
16341878
16341879
16341880
16341881
16341882
16341883
16341884
16341885
16341886
16341887
16341888
16341889
16341890
16341891
16341892
16341893
16341894
16341895
16341896
16341897
16341898
16341899
16341900
16341901
16341902
16341903
16341904
16341905
16341906
16341907
16341908
16341909
16341910
16341911
16341912
16341913
16341914
16341915
16341916
16341917
16341918
16341919
16341920
16341921
16341922
16341923
16341924
16341925
16341926
16341927
16341928
16341929
16341930
16341931
16341932
16341933
16341934
16341935
16341936
16341937
16341938
16341939
16341940
16341941
16341942
16341943
16341944
16341945
16341946
16341947
16341948
16341949
16341950
16341951
16341952
16341953
16341954
16341955
16341956
16341957
16341958
16341959
16341960
16341961
16341962
16341963
16341964
16341965
16341966
16341967
16341968
16341969
16341970
16341971
16341972
16341973
16341974
16341975
16341976
16341977
16341978
16341979
16341980
16341981
16341982
16341983
16341984
16341985
16341986
16341987
16341988
16341989
16341990
16341991
16341992
16341993
16341994
16341995
16341996
16341997
16341998
16341999
16342000
16342001
16342002
16342003
16342004
16342005
16342006
16342007
16342008
16342009
16342010
16342011
16342012
16342013
16342014
16342015
16342016
16342017
16342018
16342019
16342020
16342021
16342022
16342023
16342024
16342025
16342026
16342027
16342028
16342029
16342030
16342031
16342032
16342033
16342034
16342035
16342036
16342037
16342038
16342039
16342040
16342041
16342042
16342043
16342044
16342045
16342046
16342047
16342048
16342049
16342050
16342051
16342052
16342053
16342054
16342055
16342056
16342057
16342058
16342059
16342060
16342061
16342062
16342063
16342064
16342065
16342066
16342067
16342068
16342069
16342070
16342071
16342072
16344458
16344459
16344460
16344461
16344462
16344463
16344464
16344465
16344466
16344467
16344468
16344469
16344470
16344471
16344472
16344473
16344474
16344475
16344476
16344477
16344478
16344479
16344480
16344481
16344482
16344483
16344484
16344485
16344486
16344487
16344488
16344489
16344490
16344491
16344492
16344493
16344494
16344495
16344496
16344497
16344498
16344499
16344500
16344501
16344502
16344503
16344504
16344505
16344506
16344507
16344508
16344509
16344510
16344511
16344512
16344513
16344514
16344515
16344516
16344517
16344518
16344519
16344520
16344521
16344522
16344523
16344524
16344525
16344526
16344527
16344528
16344529
16344530
16344531
16344532
16344533
16344534
16344535
16344536
16344537
16344538
16344539
16344540
16344541
16344542
16344543
16344544
16344545
16344546
16344547
16344548
16344549
16344550
16344551
16344552
16344553
16344554
16344555
16344556
16344557
16344558
16344559
16344560
16344561
16344562
16344563
16344564
16344565
16344566
16344567
16344568
16344569
16344570
16344571
16344572
16344573
16344574
16344575
16344576
16344577
16344578
16344579
16344580
16344581
16344582
16344583
16344584
16344585
16344586
16344587
16344588
16344589
16344590
16344591
16344592
16344593
16344594
16344595
16344596
16344597
16344598
16344599
16344600
16344601
16344602
16344603
16344604
16344605
16344606
16344607
16344608
16344609
16344610
16344611
16344612
16344613
16344614
16344615
16344616
16344617
16344618
16344619
16344620
16344621
16344622
16344623
16344624
16344625
16344626
16344627
16344628
16344629
16344630
16344631
16344632
16344633
16344634
16344635
16344636
